import numpy as np


c_1 = [0.5, 0.9, 0.9]
a_1 = (0, 0, 0)
m_1 = np.ones(4)


c_2 = [0.9, 0.5, 0.9]
a_2 = (-np.pi / 180 * 114, np.pi / 180 * 118, np.pi / 180 * 74)
m_2 = [[0.95101216, 0.08088845, -0.29838387, -1.83195694],
       [-0.05955586, 0.99502042, 0.07992158, 0.80679145],
       [0.30336278, -0.05823589, 0.9510939, 0.48082126],
       [0.,          0.,          0.,          1.        ]]


c_3 = [0.3, 0.7, 0.5]
a_3 = (0, 0, 0)
m_3 = [[-0.07754115, -0.67036591, -0.7379681,  -1.46285479], 
       [0.69307919,  0.49584054, -0.52324315, -0.99868039],
       [0.71667888, -0.55204321,  0.42616861, -1.08118362],
       [0.,          0.,          0.,          1.        ]]


c_4 = [0.5, 0.3, 0.9]
a_4 = (np.pi / 180 * 90, 0, np.pi / 180 * 180)
m_4 = [[0.99971827,  0.02130256,  0.01046794,  0.15106549], 
       [-0.0205164,   0.9973217, -0.07020324, 1.05141884], 
       [-0.01193542,  0.0699687,   0.99747778,  1.33805833], 
       [ 0.,          0.,          0.,          1.        ]]


colors = [c_1, c_2, c_3, c_4]
angles = [a_1, a_2, a_3, a_4]
matrixes = [m_1, m_2,m_3, m_4]
